# MVE view meta data is stored in INI-file syntax.
# This file is generated, formatting will get lost.

[camera]
focal_length = 1.635727167
pixel_aspect = 1
principal_point = 0.5 0.5
rotation = 0.9912521243 -0.01706290618 0.1308744103 0.009196592495 0.9981273413 0.06047638133 -0.1316612065 -0.05874373764 0.9895526767
translation = -1.536574602 -0.546179831 -0.3685232699

[view]
id = 0
name = DSC_0056_RESIZED
