# MVE view meta data is stored in INI-file syntax.
# This file is generated, formatting will get lost.

[camera]
focal_length = 2.098451614
pixel_aspect = 1
principal_point = 0.5 0.5
rotation = -0.0458930321 -0.2965652943 0.9539092183 0.3323865533 0.8959704638 0.2945437729 -0.9420260191 0.330584079 0.0574555099
translation = -9.62523365 -3.210207939 9.382866859

[view]
id = 19
name = DSC_0075_RESIZED
