# MVE view meta data is stored in INI-file syntax.
# This file is generated, formatting will get lost.

[camera]
focal_length = 2.14522171
pixel_aspect = 1
principal_point = 0.5 0.5
rotation = -0.3483092189 -0.2941870987 0.8900194764 0.2983779311 0.8652947545 0.4027848244 -0.888623178 0.4058558345 -0.2136112005
translation = -8.769130707 -4.172452927 11.69953442

[view]
id = 23
name = DSC_0079_RESIZED
