# MVE view meta data is stored in INI-file syntax.
# This file is generated, formatting will get lost.

[camera]
focal_length = 2.069658518
pixel_aspect = 1
principal_point = 0.5 0.5
rotation = 0.2499933988 -0.2932145298 0.9227830172 0.3134857118 0.9262217283 0.2093800157 -0.9160950184 0.2369356751 0.3234678805
translation = -9.155519485 -2.338757277 6.805347919

[view]
id = 16
name = DSC_0072_RESIZED
