# MVE view meta data is stored in INI-file syntax.
# This file is generated, formatting will get lost.

[camera]
focal_length = 1.997379303
pixel_aspect = 1
principal_point = 0.5 0.5
rotation = 0.9953660369 -0.02773802914 0.09207163751 0.02814865112 0.9995988607 -0.00316398358 -0.09194692224 0.005741014611 0.9957473874
translation = -1.011949062 -0.00069633557 0.2563796937

[view]
id = 5
name = DSC_0061_RESIZED
