# MVE view meta data is stored in INI-file syntax.
# This file is generated, formatting will get lost.

[camera]
focal_length = 2.123861074
pixel_aspect = 1
principal_point = 0.5 0.5
rotation = 0.7126190066 -0.2043935508 0.6711163521 0.2198854238 0.9734892249 0.06300003827 -0.6662014723 0.1026737094 0.7386702299
translation = -6.730844021 -0.9219589233 3.251506567

[view]
id = 11
name = DSC_0067_RESIZED
