# MVE view meta data is stored in INI-file syntax.
# This file is generated, formatting will get lost.

[camera]
focal_length = 1.632755876
pixel_aspect = 1
principal_point = 0.5 0.5
rotation = 0.9891765714 -0.03701897711 0.1419840157 0.03309445456 0.9990047812 0.02990388125 -0.1429497302 -0.02488133684 0.9894172549
translation = -1.631044507 -0.06834198534 0.7371960878

[view]
id = 2
name = DSC_0058_RESIZED
