# MVE view meta data is stored in INI-file syntax.
# This file is generated, formatting will get lost.

[camera]
focal_length = 2.07283783
pixel_aspect = 1
principal_point = 0.5 0.5
rotation = 0.9339199066 -0.09485433996 0.3446682096 0.09559501708 0.9953089356 0.01488758903 -0.3444634378 0.01904474013 0.9386065006
translation = -3.472151518 -0.2187799215 1.169423103

[view]
id = 7
name = DSC_0063_RESIZED
