# MVE view meta data is stored in INI-file syntax.
# This file is generated, formatting will get lost.

[camera]
focal_length = 2.133543253
pixel_aspect = 1
principal_point = 0.5 0.5
rotation = 0.8300084472 -0.1525757462 0.5364760756 0.1563066095 0.986943841 0.03886074573 -0.5354009271 0.05160002038 0.8430202603
translation = -5.287257671 -0.5585147738 2.606873751

[view]
id = 9
name = DSC_0065_RESIZED
