# MVE view meta data is stored in INI-file syntax.
# This file is generated, formatting will get lost.

[camera]
focal_length = 2.156729221
pixel_aspect = 1
principal_point = 0.5 0.5
rotation = -0.2115724832 -0.2792988122 0.9366051555 0.3282254338 0.8823397756 0.3372604847 -0.9206004739 0.378772676 -0.09500585496
translation = -9.496072769 -3.513491154 10.95482063

[view]
id = 22
name = DSC_0078_RESIZED
