# MVE view meta data is stored in INI-file syntax.
# This file is generated, formatting will get lost.

[camera]
focal_length = 2.092515707
pixel_aspect = 1
principal_point = 0.5 0.5
rotation = 0.04518924654 -0.2960831821 0.9540925622 0.3196375072 0.9091453552 0.2669955194 -0.9464616776 0.2928984463 0.1357228458
translation = -9.554040909 -2.824282408 8.659097672

[view]
id = 18
name = DSC_0074_RESIZED
