# MVE view meta data is stored in INI-file syntax.
# This file is generated, formatting will get lost.

[camera]
focal_length = 1.990454674
pixel_aspect = 1
principal_point = 0.5 0.5
rotation = 0.9999524951 0.001219664118 -0.009668802842 -0.001255107112 0.999992609 -0.003660502378 0.009664268233 0.003672463819 0.9999465346
translation = 0.1173733994 0.06496699154 0.05011569709

[view]
id = 4
name = DSC_0060_RESIZED
