# MVE view meta data is stored in INI-file syntax.
# This file is generated, formatting will get lost.

[camera]
focal_length = 2.105646133
pixel_aspect = 1
principal_point = 0.5 0.5
rotation = 0.8820618391 -0.1238164157 0.4545729756 0.1281569153 0.9915232062 0.02139265276 -0.453368485 0.03938702866 0.8904524446
translation = -4.539732933 -0.3560370803 1.864899993

[view]
id = 8
name = DSC_0064_RESIZED
