# MVE view meta data is stored in INI-file syntax.
# This file is generated, formatting will get lost.

[camera]
focal_length = 2.017127275
pixel_aspect = 1
principal_point = 0.5 0.5
rotation = 0.9744037986 -0.0517844297 0.2187588066 0.05342170969 0.9985707998 -0.001572091947 -0.2183647305 0.01321831997 0.9757777452
translation = -2.295154095 -0.02978208847 0.3913924396

[view]
id = 6
name = DSC_0062_RESIZED
