# MVE view meta data is stored in INI-file syntax.
# This file is generated, formatting will get lost.

[camera]
focal_length = 2.089163303
pixel_aspect = 1
principal_point = 0.5 0.5
rotation = 0.3591636717 -0.2849035859 0.8887246847 0.2957207561 0.9379375577 0.1811693758 -0.8851840496 0.197744891 0.4211249352
translation = -8.825333595 -1.95367527 5.960462093

[view]
id = 15
name = DSC_0071_RESIZED
