# MVE view meta data is stored in INI-file syntax.
# This file is generated, formatting will get lost.

[camera]
focal_length = 1.644273996
pixel_aspect = 1
principal_point = 0.5 0.5
rotation = 0.990237534 -0.02811715566 0.1365258545 0.0153561756 0.9954879284 0.09363812953 -0.138542667 -0.09062746912 0.9862011075
translation = -1.674428701 -0.8702629209 -0.6390427351

[view]
id = 1
name = DSC_0057_RESIZED
