# MVE view meta data is stored in INI-file syntax.
# This file is generated, formatting will get lost.

[camera]
focal_length = 1
pixel_aspect = 1
principal_point = 0.5 0.5
rotation = 0.9999902844 0.0005917710369 -0.004374913871 -0.0005914692883 0.9999998212 7.026118692e-05 0.004374954849 -6.767287414e-05 0.9999904037
translation = -0.05557476729 0.2268844694 0.9723347425

[view]
id = 1
name = 74831731_2582690401963334_4151644696893980672_n
