# MVE view meta data is stored in INI-file syntax.
# This file is generated, formatting will get lost.

[camera]
focal_length = 2.01432085
pixel_aspect = 1
principal_point = 0.5 0.5
rotation = 0.9881147742 -0.01146818046 0.1532895416 0.01169065572 0.9999315143 -0.000550042023 -0.1532727778 0.002335560042 0.988180995
translation = -1.878023148 -0.08216801286 0.5149059296

[view]
id = 3
name = DSC_0059_RESIZED
