# MVE view meta data is stored in INI-file syntax.
# This file is generated, formatting will get lost.

[camera]
focal_length = 2.175188541
pixel_aspect = 1
principal_point = 0.5 0.5
rotation = -0.1294484437 -0.3043284118 0.9437305331 0.3142183721 0.8901001215 0.3301342726 -0.9404838681 0.3392728269 -0.0195964966
translation = -9.311000824 -3.359779358 10.62509823

[view]
id = 20
name = DSC_0076_RESIZED
