# MVE view meta data is stored in INI-file syntax.
# This file is generated, formatting will get lost.

[camera]
focal_length = 2.104782104
pixel_aspect = 1
principal_point = 0.5 0.5
rotation = 0.4436617196 -0.2731612623 0.8535497785 0.2815000117 0.946688354 0.1566491425 -0.8508360982 0.1707750112 0.4969042838
translation = -8.391270638 -1.765022635 5.560319901

[view]
id = 14
name = DSC_0070_RESIZED
