# MVE view meta data is stored in INI-file syntax.
# This file is generated, formatting will get lost.

[camera]
focal_length = 2.184041262
pixel_aspect = 1
principal_point = 0.5 0.5
rotation = -0.4938745201 -0.2897621393 0.8198328614 0.2201794535 0.8704413176 0.440287292 -0.8411949873 0.3979569972 -0.3660891354
translation = -7.97432375 -4.199271679 13.17872429

[view]
id = 24
name = DSC_0080_RESIZED
