# MVE view meta data is stored in INI-file syntax.
# This file is generated, formatting will get lost.

[camera]
focal_length = 2.15994525
pixel_aspect = 1
principal_point = 0.5 0.5
rotation = -0.1830480695 -0.3001980186 0.9361487627 0.3197427094 0.8822876215 0.3454464674 -0.9296547771 0.3625600636 -0.06551489979
translation = -9.25464344 -3.578532219 10.86450768

[view]
id = 21
name = DSC_0077_RESIZED
