# MVE view meta data is stored in INI-file syntax.
# This file is generated, formatting will get lost.

[camera]
focal_length = 2.11101985
pixel_aspect = 1
principal_point = 0.5 0.5
rotation = 0.5379631519 -0.2606099844 0.8016720414 0.27390939 0.9534472823 0.1261422485 -0.7972260714 0.1517256349 0.5843029618
translation = -7.982578754 -1.53783381 4.639246464

[view]
id = 13
name = DSC_0069_RESIZED
