# MVE view meta data is stored in INI-file syntax.
# This file is generated, formatting will get lost.

[camera]
focal_length = 2.124954939
pixel_aspect = 1
principal_point = 0.5 0.5
rotation = 0.7858453393 -0.1690101177 0.5948803425 0.1778095961 0.9830623865 0.04440666735 -0.5923097134 0.07087865472 0.8025866747
translation = -6.004315376 -0.637080729 2.807888508

[view]
id = 10
name = DSC_0066_RESIZED
