# MVE view meta data is stored in INI-file syntax.
# This file is generated, formatting will get lost.

[camera]
focal_length = 2.061303377
pixel_aspect = 1
principal_point = 0.5 0.5
rotation = 0.1497642547 -0.2921594083 0.9445704818 0.3262839019 0.9164298177 0.2317222208 -0.9333325028 0.273494482 0.232575357
translation = -9.442914963 -2.591888905 7.486345291

[view]
id = 17
name = DSC_0073_RESIZED
