# MVE view meta data is stored in INI-file syntax.
# This file is generated, formatting will get lost.

[camera]
focal_length = 2.109443665
pixel_aspect = 1
principal_point = 0.5 0.5
rotation = 0.6110194325 -0.2413752228 0.7539187074 0.2458111495 0.9631533623 0.1091443524 -0.7524840236 0.118632257 0.6478381157
translation = -7.346636295 -1.302155256 4.255111217

[view]
id = 12
name = DSC_0068_RESIZED
